DE NV M ERIS PERFECTIS.

D E
Ξ

 

 

2
4
8 8
16 16
32 32
64 64
127 128
254 256
508 512
1016 1024
2032 2048
4064 4096
8191
8128 16382
32764

65528

131056

262112

524224

1048448

2096896

4¹93792

8387584

16775168

33550336

T om. 11. Non. Comment-

{⁰
ε,

8

16

32

64

128

256

512

1024

2048

4096

8192

1⁶³84
32768

65536
131071
262142
524284
1048568
2097136
4194272
8388544
16777088
33554176
67108352

134216704
268433408
536866816
1073733632
2147467264
4294934528

——o

8589869056

 

{z

