‹94 DE Nl'MERlS >PERFECTIS.

42353062626325430272
21176531313162715136
10588265650501357568
5294132828296678784
2647066414145339392
1323533207072669696
661766603536334848
330883301768167424
165441650884083712
82720825442041856
41360412721020923
20680206360510464
10340103180255232
5170051590127616
2585025795063803
1292512897531904
646256448765952
323128224382976
161564112181488
›80782056095744
40391028047872
20195514023936
10097757011968
5048878505984
2524439252992
1262219626496
631109813248
8¹5554906⁶24

¹577774533¹2
‘78888726656

7307264
¹4⁶¹4528
29229056
58458112

116916224
283832448
467664896
935329792
1⁸70⁶⁵9584
3741319168
7482638336
14965276672
29930558344
59861106688
119722213376

3944-'

